      1       2       4       8      16      32       0       0       0       0       0       0
      2       4       8      16      32      64       0       0       0       0       0       0
      4       8      16      32      64     128       0       0       0       0       0       0
      8      16      32 64.0001     128 256.001       0       0       0       0       0       0
     16      32      64     128 256.002 512.006       0       0       0       0       0       0
     32      64     128 256.001 512.006 1024.02       0       0       0       0       0       0
      0       0       0       0       0       0       1       2       4       8      16      32
      0       0       0       0       0       0       2       4       8      16      32      64
      0       0       0       0       0       0       4       8      16      32      64     128
      0       0       0       0       0       0       8      16      32 64.0001     128 256.001
      0       0       0       0       0       0      16      32      64     128 256.002 512.006
      0       0       0       0       0       0      32      64     128 256.001 512.006 1024.02

